15238726
23033005
23030633
22790349
23033006
22598019
21497090
14932243
22485428
20052943
23033247
22790521
13900220
22597520
23075651
23034186
22759875
23034187
21940372
23033248
22789192
2701025
22597417
22277228
23033249
22790317
22618521
22789191
23033513
22759869
22759867
2752000
2224357
22789193
22759873
20052942
2232875
20257824
22600737
22790348
23074262
23074890
22597474
23030635
22613240
23074882
22789194
23016092
23033004
22789195
22623491
22790329
22598044
14933549
23033007
21940376
22759868
23076121
22277227
21940394
16244226
23030229
22450088
23083271
22790520
23033512
23033250
23083283
21497092
